debugging catalogue code.
graph 5-4-2-1 (inside 0 connected to all four) 3 connected to 4-2

[
    [1 1 1 1]
    [5 1 2 2]
    [5 4 4 3]
]
{
    'room_x': array([1., 0., 2., 3., 1., 0.]), 
    'room_y': array([1., 0., 1., 2., 2., 1.]), 
    'room_width': array([ 1.,  4.,  2.,  1.,  2.,  1., -1., -4., -2., -1., -2., -1.]), 
    'room_height': array([ 1.,  2.,  1.,  1.,  1.,  2., -1., -2., -1., -1., -1., -2.]), 
    'area': [1.0, 8.0, 2.0, 1.0, 2.0, 2.0], 
    'extranodes': [], 
    'mergednodes': [], 
    'irreg_nodes': []
}

[
    [1 1 2 2]
    [5 0 2 2]
    [5 4 4 3]
]
{
    'room_x': array([1., 0., 2., 3., 1., 0.]), 
    'room_y': array([1., 0., 0., 2., 2., 1.]), 
    'room_width': array([ 1.,  2.,  2.,  1.,  2.,  1., -1., -2., -2., -1., -2., -1.]), 
    'room_height': array([ 1.,  1.,  2.,  1.,  1.,  2., -1., -1., -2., -1., -1., -2.]), 
    'area': [1.0, 2.0, 4.0, 1.0, 2.0, 2.0], 
    'extranodes': [], 
    'mergednodes': [], 
    'irreg_nodes': []
}

[
    [2 2 2 2]
    [2 2 4 3]
    [5 5 4 3]
]
{
    'room_x': array([1., 0., 0., 3., 2., 0.]), 
    'room_y': array([1., 1., 0., 1., 1., 2.]), 
    'room_width': array([ 1.,  1.,  4.,  1.,  1.,  2., -1., -1., -4., -1., -1., -2.]), 
    'room_height': array([ 1.,  1.,  2.,  2.,  2.,  1., -1., -1., -2., -2., -2., -1.]), 
    'area': [1.0, 1.0, 8.0, 2.0, 2.0, 2.0], 
    'extranodes': [], 
    'mergednodes': [], 
    'irreg_nodes': []
}

####
####
[[2 2 2 3]
 [1 0 4 4]
 [5 5 4 4]]
{'room_x': array([1., 0., 0., 3., 2., 0.]), 'room_y': array([1., 1., 0., 0., 1., 2.]), 'room_width': array([ 1.,  1.,  3.,  1.,  2.,  2., -1., -1., -3., -1., -2., -2.]), 'room_height': array([ 1. ,  1. ,  1.5,  1.5,  2. ,  1. , -1. , -1. , -1.5, -1.5, -2. ,
       -1. ]), 'area': [1.0, 1.0, 4.5, 1.5, 4.0, 2.0], 'extranodes': [], 'mergednodes': [], 'irreg_nodes': []}
####
####
[[3 3 3]
 [2 2 4]
 [1 0 4]
 [5 5 5]]
{'room_x': array([1., 0., 0., 0., 2., 0.]), 'room_y': array([2., 2., 1., 0., 1., 3.]), 'room_width': array([ 1.,  1.,  2.,  3.,  1.,  3., -1., -1., -2., -3., -1., -3.]), 'room_height': array([ 1. ,  1. ,  1. ,  1.5,  2. ,  1.5, -1. , -1. , -1. , -1.5, -2. ,
       -1.5]), 'area': [1.0, 1.0, 2.0, 4.5, 2.0, 4.5], 'extranodes': [], 'mergednodes': [], 'irreg_nodes': []}
####
####
[[1 2 2 3]
 [1 0 4 4]
 [5 5 5 5]
 [5 5 5 5]]
{'room_x': array([1., 0., 1., 3., 2., 0.]), 'room_y': array([1., 0., 0., 0., 1., 2.]), 'room_width': array([ 1.,  1.,  2.,  1.,  2.,  4., -1., -1., -2., -1., -2., -4.]), 'room_height': array([ 1.,  2.,  1.,  1.,  1.,  2., -1., -2., -1., -1., -1., -2.]), 'area': [1.0, 2.0, 2.0, 1.0, 2.0, 8.0], 'extranodes': [], 'mergednodes': [], 'irreg_nodes': []}
####
####
[[2 2 3]
 [2 2 4]
 [1 0 4]
 [5 5 5]]
{'room_x': array([1., 0., 0., 2., 2., 0.]), 'room_y': array([2., 2., 0., 0., 1., 3.]), 'room_width': array([ 1.,  1.,  2.,  1.,  1.,  3., -1., -1., -2., -1., -1., -3.]), 'room_height': array([ 1. ,  1. ,  2. ,  1. ,  2. ,  1.5, -1. , -1. , -2. , -1. , -2. ,
       -1.5]), 'area': [1.0, 1.0, 4.0, 1.0, 2.0, 4.5], 'extranodes': [], 'mergednodes': [], 'irreg_nodes': []}
####
####
[[2 2 2 3]
 [1 0 4 4]
 [5 5 5 5]
 [5 5 5 5]]
{'room_x': array([1., 0., 0., 3., 2., 0.]), 'room_y': array([1., 1., 0., 0., 1., 2.]), 'room_width': array([ 1.,  1.,  3.,  1.,  2.,  4., -1., -1., -3., -1., -2., -4.]), 'room_height': array([ 1. ,  1. ,  1.5,  1.5,  1. ,  2. , -1. , -1. , -1.5, -1.5, -1. ,
       -2. ]), 'area': [1.0, 1.0, 4.5, 1.5, 2.0, 8.0], 'extranodes': [], 'mergednodes': [], 'irreg_nodes': []}
####
####
[[1 1 2 2]
 [5 0 2 2]
 [4 4 4 3]]
{'room_x': array([1., 0., 2., 3., 0., 0.]), 'room_y': array([1., 0., 0., 2., 2., 1.]), 'room_width': array([ 1.,  2.,  2.,  1.,  3.,  1., -1., -2., -2., -1., -3., -1.]), 'room_height': array([ 1. ,  1. ,  2. ,  1.5,  1.5,  1. , -1. , -1. , -2. , -1.5, -1.5,
       -1. ]), 'area': [1.0, 2.0, 4.0, 1.5, 4.5, 1.0], 'extranodes': [], 'mergednodes': [], 'irreg_nodes': []}
####
####
[[1 1 2 2]
 [5 0 2 2]
 [5 4 4 3]]
{'room_x': array([1., 0., 2., 3., 1., 0.]), 'room_y': array([1., 0., 0., 2., 2., 1.]), 'room_width': array([ 1.,  2.,  2.,  1.,  2.,  1., -1., -2., -2., -1., -2., -1.]), 'room_height': array([ 1.,  1.,  2.,  1.,  1.,  2., -1., -1., -2., -1., -1., -2.]), 'area': [1.0, 2.0, 4.0, 1.0, 2.0, 2.0], 'extranodes': [], 'mergednodes': [], 'irreg_nodes': []}
####
####
[[1 1 2 3]
 [5 0 2 3]
 [4 4 4 4]
 [4 4 4 4]]
{'room_x': array([1., 0., 2., 3., 0., 0.]), 'room_y': array([1., 0., 0., 0., 2., 1.]), 'room_width': array([ 1.,  2.,  1.,  1.,  4.,  1., -1., -2., -1., -1., -4., -1.]), 'room_height': array([ 1.,  1.,  2.,  2.,  2.,  1., -1., -1., -2., -2., -2., -1.]), 'area': [1.0, 2.0, 2.0, 2.0, 8.0, 1.0], 'extranodes': [], 'mergednodes': [], 'irreg_nodes': []}
####
####
[[1 2 2 3]
 [1 0 4 4]
 [5 5 5 5]
 [5 5 5 5]]
{'room_x': array([1., 0., 1., 3., 2., 0.]), 'room_y': array([1., 0., 0., 0., 1., 2.]), 'room_width': array([ 1.,  1.,  2.,  1.,  2.,  4., -1., -1., -2., -1., -2., -4.]), 'room_height': array([ 1.,  2.,  1.,  1.,  1.,  2., -1., -2., -1., -1., -1., -2.]), 'area': [1.0, 2.0, 2.0, 1.0, 2.0, 8.0], 'extranodes': [], 'mergednodes': [], 'irreg_nodes': []}
####
####
[[1 1 1]
 [5 0 2]
 [4 4 2]
 [3 3 3]]
{'room_x': array([1., 0., 2., 0., 0., 0.]), 'room_y': array([1., 0., 1., 3., 2., 1.]), 'room_width': array([ 1.,  3.,  1.,  3.,  2.,  1., -1., -3., -1., -3., -2., -1.]), 'room_height': array([ 1. ,  1.5,  2. ,  1.5,  1. ,  1. , -1. , -1.5, -2. , -1.5, -1. ,
       -1. ]), 'area': [1.0, 4.5, 2.0, 4.5, 2.0, 1.0], 'extranodes': [], 'mergednodes': [], 'irreg_nodes': []}
####
####
[[1 1 1]
 [5 0 2]
 [4 4 2]
 [4 4 3]]
{'room_x': array([1., 0., 2., 2., 0., 0.]), 'room_y': array([1., 0., 1., 3., 2., 1.]), 'room_width': array([ 1.,  3.,  1.,  1.,  2.,  1., -1., -3., -1., -1., -2., -1.]), 'room_height': array([ 1. ,  1.5,  2. ,  1. ,  2. ,  1. , -1. , -1.5, -2. , -1. , -2. ,
       -1. ]), 'area': [1.0, 4.5, 2.0, 1.0, 4.0, 1.0], 'extranodes': [], 'mergednodes': [], 'irreg_nodes': []}
####
####
[[1 1 1 1]
 [5 1 2 2]
 [4 4 4 3]]
{'room_x': array([1., 0., 2., 3., 0., 0.]), 'room_y': array([1., 0., 1., 2., 2., 1.]), 'room_width': array([ 1.,  4.,  2.,  1.,  3.,  1., -1., -4., -2., -1., -3., -1.]), 'room_height': array([ 1. ,  2. ,  1. ,  1.5,  1.5,  1. , -1. , -2. , -1. , -1.5, -1.5,
       -1. ]), 'area': [1.0, 8.0, 2.0, 1.5, 4.5, 1.0], 'extranodes': [], 'mergednodes': [], 'irreg_nodes': []}
####
####
[[1 1 1 1]
 [5 1 2 2]
 [5 4 4 3]]
{'room_x': array([1., 0., 2., 3., 1., 0.]), 'room_y': array([1., 0., 1., 2., 2., 1.]), 'room_width': array([ 1.,  4.,  2.,  1.,  2.,  1., -1., -4., -2., -1., -2., -1.]), 'room_height': array([ 1.,  2.,  1.,  1.,  1.,  2., -1., -2., -1., -1., -1., -2.]), 'area': [1.0, 8.0, 2.0, 1.0, 2.0, 2.0], 'extranodes': [], 'mergednodes': [], 'irreg_nodes': []}
####